  216	2019-02-01 06:57:13	1	0	1	0
79169	2019-02-01 07:06:56	1	0	1	0
 8218	2019-02-01 07:18:14	1	0	1	0
 7518	2019-02-01 07:20:10	1	0	1	0
17252	2019-02-01 07:20:49	1	0	1	0
   80	2019-02-01 07:20:55	1	0	1	0
36173	2019-02-01 07:24:16	1	0	1	0
19176	2019-02-01 07:27:33	1	0	1	0
    2	2019-02-01 07:28:07	1	0	1	0
  616	2019-02-01 07:28:49	1	0	1	0
 1216	2019-02-01 07:28:54	1	0	1	0
 1916	2019-02-01 07:29:00	1	0	1	0
 1416	2019-02-01 07:29:43	1	0	1	0
96114	2019-02-01 07:29:54	1	0	1	0
 1016	2019-02-01 07:33:14	1	0	1	0
 2216	2019-02-01 07:33:20	1	0	1	0
20063	2019-02-01 07:34:30	1	0	1	0
 7513	2019-02-01 07:36:27	1	0	1	0
    1	2019-02-01 07:36:45	1	0	1	0
 9218	2019-02-01 07:37:37	1	0	1	0
19175	2019-02-01 07:38:13	1	0	1	0
12817	2019-02-01 07:39:41	1	0	1	0
 6117	2019-02-01 07:46:15	1	0	1	0
 4030	2019-02-01 07:47:08	1	0	1	0
 1716	2019-02-01 07:48:28	1	0	1	0
 1616	2019-02-01 07:48:35	1	0	1	0
 6517	2019-02-01 07:51:08	1	0	1	0
79170	2019-02-01 07:52:52	1	0	1	0
 2116	2019-02-01 07:52:58	1	0	1	0
17253	2019-02-01 07:53:24	1	0	1	0
 5917	2019-02-01 07:54:50	1	0	1	0
 1316	2019-02-01 07:54:56	1	0	1	0
  316	2019-02-01 07:56:37	1	0	1	0
13022	2019-02-01 07:56:41	1	0	1	0
 5817	2019-02-01 07:56:51	1	0	1	0
  416	2019-02-01 07:58:41	1	0	1	0
 6217	2019-02-01 07:58:48	1	0	1	0
 6317	2019-02-01 07:59:02	1	0	1	0
 2616	2019-02-01 08:03:38	1	0	1	0
10316	2019-02-01 08:03:50	1	0	1	0
79171	2019-02-01 08:53:01	1	0	1	0
  216	2019-02-01 12:00:01	1	1	1	0
 6317	2019-02-01 12:00:12	1	1	1	0
79169	2019-02-01 12:00:21	1	1	1	0
  416	2019-02-01 12:00:26	1	1	1	0
 5917	2019-02-01 12:00:32	1	1	1	0
 6217	2019-02-01 12:00:38	1	1	1	0
17253	2019-02-01 12:00:45	1	1	1	0
17252	2019-02-01 12:00:53	1	1	1	0
20063	2019-02-01 12:00:58	1	1	1	0
 6117	2019-02-01 12:01:19	1	1	1	0
96114	2019-02-01 12:01:26	1	1	1	0
 8218	2019-02-01 12:02:03	1	1	1	0
    1	2019-02-01 12:02:17	1	1	1	0
 6517	2019-02-01 12:03:13	1	1	1	0
19176	2019-02-01 12:04:05	1	1	1	0
  316	2019-02-01 12:08:07	1	1	1	0
  216	2019-02-01 12:14:26	1	0	1	0
 7513	2019-02-01 12:15:05	1	1	1	0
 1716	2019-02-01 12:15:37	1	1	1	0
10316	2019-02-01 12:16:27	1	1	1	0
    1	2019-02-01 12:16:43	1	0	1	0
 8218	2019-02-01 12:17:48	1	0	1	0
 5817	2019-02-01 12:18:09	1	1	1	0
 6317	2019-02-01 12:18:22	1	1	1	0
96114	2019-02-01 12:18:50	1	0	1	0
  316	2019-02-01 12:19:11	1	0	1	0
 9218	2019-02-01 12:24:32	1	1	1	0
20063	2019-02-01 12:24:45	1	0	1	0
 6517	2019-02-01 12:24:51	1	0	1	0
 1716	2019-02-01 12:25:55	1	0	1	0
 7518	2019-02-01 12:29:07	1	1	1	0
   80	2019-02-01 12:29:11	1	1	1	0
19175	2019-02-01 12:29:12	1	1	1	0
 6217	2019-02-01 12:29:34	1	0	1	0
 6117	2019-02-01 12:29:41	1	0	1	0
17253	2019-02-01 12:35:22	1	0	1	0
 7513	2019-02-01 12:37:44	1	0	1	0
 2616	2019-02-01 12:37:51	1	1	1	0
13022	2019-02-01 12:39:50	1	1	1	0
 7518	2019-02-01 12:42:36	1	0	1	0
   80	2019-02-01 12:42:43	1	0	1	0
19175	2019-02-01 12:42:45	1	0	1	0
79169	2019-02-01 12:43:06	1	0	1	0
19176	2019-02-01 12:43:34	1	0	1	0
 5817	2019-02-01 12:43:52	1	0	1	0
17252	2019-02-01 12:46:44	1	0	1	0
10316	2019-02-01 12:49:30	1	0	1	0
 2616	2019-02-01 12:50:49	1	0	1	0
 5917	2019-02-01 12:51:00	1	0	1	0
13022	2019-02-01 12:55:43	1	0	1	0
  416	2019-02-01 12:56:18	1	0	1	0
 9218	2019-02-01 13:07:13	1	0	1	0
  616	2019-02-01 16:00:02	1	1	1	0
19175	2019-02-01 17:00:01	1	1	1	0
  316	2019-02-01 17:00:05	1	1	1	0
13022	2019-02-01 17:00:13	1	1	1	0
 2616	2019-02-01 17:00:44	1	1	1	0
20063	2019-02-01 17:01:15	1	1	1	0
 6317	2019-02-01 17:02:28	1	1	1	0
 1716	2019-02-01 17:02:32	1	1	1	0
 5917	2019-02-01 17:02:46	1	1	1	0
 6117	2019-02-01 17:03:01	1	1	1	0
 6217	2019-02-01 17:03:18	1	1	1	0
  216	2019-02-01 17:03:32	1	1	1	0
79169	2019-02-01 17:05:23	1	1	1	0
19176	2019-02-01 17:05:42	1	1	1	0
 8218	2019-02-01 17:06:39	1	1	1	0
 5817	2019-02-01 17:06:43	1	1	1	0
  416	2019-02-01 17:07:10	1	1	1	0
 6517	2019-02-01 17:12:46	1	1	1	0
 9218	2019-02-01 17:13:10	1	1	1	0
   80	2019-02-01 17:16:57	1	1	1	0
 7518	2019-02-01 17:17:07	1	1	1	0
 7513	2019-02-01 17:17:13	1	1	1	0
17252	2019-02-01 17:37:03	1	1	1	0
17253	2019-02-01 17:40:35	1	1	1	0
10316	2019-02-01 17:41:18	1	1	1	0
79171	2019-02-01 17:47:26	1	1	1	0
  616	2019-02-02 07:30:20	1	0	1	0
    6	2019-02-02 07:36:11	1	0	1	0
36177	2019-02-02 11:05:52	1	0	1	0
36177	2019-02-02 17:04:04	1	0	1	0
  616	2019-02-02 18:53:25	1	1	1	0
  616	2019-02-03 07:09:15	1	0	1	0
  616	2019-02-03 13:17:27	1	1	1	0
79171	2019-02-03 14:48:11	1	1	1	0
79171	2019-02-03 16:05:45	1	1	1	0
  216	2019-02-04 05:41:25	1	0	1	0
    1	2019-02-04 06:17:38	1	0	1	0
79169	2019-02-04 06:53:36	1	0	1	0
   80	2019-02-04 07:02:44	1	0	1	0
96113	2019-02-04 07:12:30	1	0	1	0
 2416	2019-02-04 07:12:50	1	0	1	0
    3	2019-02-04 07:18:09	1	0	1	0
    6	2019-02-04 07:18:19	1	0	1	0
 7518	2019-02-04 07:20:41	1	0	1	0
17252	2019-02-04 07:27:12	1	0	1	0
  616	2019-02-04 07:27:28	1	0	1	0
19176	2019-02-04 07:27:54	1	0	1	0
 1216	2019-02-04 07:28:11	1	0	1	0
 1916	2019-02-04 07:28:18	1	0	1	0
96115	2019-02-04 07:30:53	1	0	1	0
 5717	2019-02-04 07:31:34	1	0	1	0
    7	2019-02-04 07:32:02	1	0	1	0
    2	2019-02-04 07:33:04	1	0	1	0
 7513	2019-02-04 07:33:20	1	0	1	0
36179	2019-02-04 07:33:52	1	0	1	0
10432	2019-02-04 07:34:10	1	0	1	0
 1016	2019-02-04 07:35:12	1	0	1	0
36177	2019-02-04 07:37:08	1	0	1	0
79174	2019-02-04 07:37:43	1	0	1	0
 8218	2019-02-04 07:38:54	1	0	1	0
 1616	2019-02-04 07:39:47	1	0	1	0
 6217	2019-02-04 07:40:10	1	0	1	0
 1416	2019-02-04 07:40:43	1	0	1	0
17253	2019-02-04 07:41:42	1	0	1	0
 6117	2019-02-04 07:42:33	1	0	1	0
 9218	2019-02-04 07:42:39	1	0	1	0
  716	2019-02-04 07:43:17	1	0	1	0
 5917	2019-02-04 07:44:46	1	0	1	0
79170	2019-02-04 07:45:58	1	0	1	0
 2116	2019-02-04 07:46:03	1	0	1	0
 2616	2019-02-04 07:46:25	1	0	1	0
  316	2019-02-04 07:49:53	1	0	1	0
13022	2019-02-04 07:50:00	1	0	1	0
20063	2019-02-04 07:50:21	1	0	1	0
 6517	2019-02-04 07:51:21	1	0	1	0
 1316	2019-02-04 07:51:24	1	0	1	0
79166	2019-02-04 07:52:43	1	0	1	0
19261	2019-02-04 07:53:56	1	0	1	0
 5817	2019-02-04 07:56:15	1	0	1	0
10316	2019-02-04 07:59:14	1	0	1	0
  416	2019-02-04 08:03:52	1	0	1	0
 1116	2019-02-04 08:05:55	1	0	1	0
 9018	2019-02-04 08:07:56	1	0	1	0
79171	2019-02-04 08:43:20	1	0	1	0
79171	2019-02-04 08:54:44	1	0	1	0
17718	2019-02-04 09:07:39	1	0	1	0
36171	2019-02-04 09:19:42	1	0	1	0
  216	2019-02-04 12:00:03	1	1	1	0
 5917	2019-02-04 12:00:24	1	1	1	0
19261	2019-02-04 12:00:38	1	1	1	0
  416	2019-02-04 12:00:45	1	1	1	0
79169	2019-02-04 12:01:43	1	1	1	0
  316	2019-02-04 12:01:47	1	1	1	0
10432	2019-02-04 12:01:52	1	1	1	0
10316	2019-02-04 12:02:04	1	1	1	0
19176	2019-02-04 12:02:12	1	1	1	0
 7513	2019-02-04 12:03:26	1	1	1	0
 6217	2019-02-04 12:03:47	1	1	1	0
 6117	2019-02-04 12:04:10	1	1	1	0
20063	2019-02-04 12:05:24	1	1	1	0
17253	2019-02-04 12:08:49	1	1	1	0
17252	2019-02-04 12:09:09	1	1	1	0
 5717	2019-02-04 12:09:19	1	1	1	0
13022	2019-02-04 12:11:02	1	1	1	0
  316	2019-02-04 12:11:47	1	0	1	0
    7	2019-02-04 12:12:44	1	1	1	0
 8218	2019-02-04 12:12:54	1	1	1	0
  216	2019-02-04 12:13:22	1	0	1	0
    1	2019-02-04 12:14:25	1	1	1	0
19261	2019-02-04 12:14:33	1	0	1	0
79169	2019-02-04 12:15:37	1	0	1	0
 7518	2019-02-04 12:16:54	1	1	1	0
   80	2019-02-04 12:16:56	1	1	1	0
10432	2019-02-04 12:17:17	1	0	1	0
36171	2019-02-04 12:18:00	1	0	1	0
 1116	2019-02-04 12:21:16	1	1	1	0
 5817	2019-02-04 12:22:33	1	1	1	0
 2616	2019-02-04 12:23:56	1	1	1	0
 7513	2019-02-04 12:24:30	1	0	1	0
 9018	2019-02-04 12:25:03	1	1	1	0
 9218	2019-02-04 12:25:08	1	1	1	0
 6517	2019-02-04 12:27:01	1	1	1	0
 8218	2019-02-04 12:27:10	1	0	1	0
20063	2019-02-04 12:27:53	1	0	1	0
13022	2019-02-04 12:30:52	1	0	1	0
17253	2019-02-04 12:31:54	1	0	1	0
17252	2019-02-04 12:32:01	1	0	1	0
 7518	2019-02-04 12:32:13	1	0	1	0
   80	2019-02-04 12:32:25	1	0	1	0
 5817	2019-02-04 12:35:46	1	0	1	0
19176	2019-02-04 12:36:52	1	0	1	0
10316	2019-02-04 12:37:05	1	0	1	0
    1	2019-02-04 12:38:02	1	0	1	0
 6517	2019-02-04 12:40:18	1	0	1	0
 9018	2019-02-04 12:40:28	1	0	1	0
 9218	2019-02-04 12:40:35	1	0	1	0
 5717	2019-02-04 12:41:15	1	0	1	0
    7	2019-02-04 12:46:33	1	0	1	0
 2616	2019-02-04 12:51:17	1	0	1	0
 5917	2019-02-04 12:53:05	1	0	1	0
 6117	2019-02-04 12:56:31	1	0	1	0
 6217	2019-02-04 12:56:35	1	0	1	0
36179	2019-02-04 12:56:55	1	1	1	0
  416	2019-02-04 12:58:29	1	0	1	0
  616	2019-02-04 16:00:46	1	1	1	0
10432	2019-02-04 17:00:05	1	1	1	0
20063	2019-02-04 17:00:14	1	1	1	0
  316	2019-02-04 17:00:16	1	1	1	0
  416	2019-02-04 17:00:24	1	1	1	0
 9218	2019-02-04 17:00:28	1	1	1	0
 9018	2019-02-04 17:00:33	1	1	1	0
 6517	2019-02-04 17:00:48	1	1	1	0
 1316	2019-02-04 17:01:00	1	1	1	0
 6217	2019-02-04 17:01:06	1	1	1	0
 5917	2019-02-04 17:01:29	1	1	1	0
 5817	2019-02-04 17:01:33	1	1	1	0
79169	2019-02-04 17:01:48	1	1	1	0
    7	2019-02-04 17:01:54	1	1	1	0
    3	2019-02-04 17:02:37	1	1	1	0
 2616	2019-02-04 17:02:45	1	1	1	0
36177	2019-02-04 17:02:49	1	1	1	0
    6	2019-02-04 17:02:52	1	1	1	0
 7518	2019-02-04 17:03:08	1	1	1	0
   80	2019-02-04 17:03:19	1	1	1	0
13022	2019-02-04 17:03:55	1	1	1	0
 8218	2019-02-04 17:04:01	1	1	1	0
 6117	2019-02-04 17:04:25	1	1	1	0
  216	2019-02-04 17:04:31	1	1	1	0
19176	2019-02-04 17:08:11	1	1	1	0
10316	2019-02-04 17:08:25	1	1	1	0
 7513	2019-02-04 17:08:31	1	1	1	0
    1	2019-02-04 17:08:48	1	1	1	0
17253	2019-02-04 17:14:49	1	1	1	0
79171	2019-02-04 17:50:02	1	1	1	0
79171	2019-02-05 08:21:22	1	0	1	0
79171	2019-02-05 10:50:08	1	1	1	0
12817	2019-02-06 06:50:13	1	0	1	0
 4030	2019-02-06 06:51:48	1	0	1	0
  216	2019-02-06 06:58:10	1	0	1	0
  616	2019-02-06 07:00:40	1	0	1	0
36173	2019-02-06 07:10:23	1	0	1	0
 1216	2019-02-06 07:21:58	1	0	1	0
 1916	2019-02-06 07:22:04	1	0	1	0
 5917	2019-02-06 07:26:11	1	0	1	0
 7513	2019-02-06 07:28:24	1	0	1	0
    1	2019-02-06 07:30:56	1	0	1	0
17252	2019-02-06 07:31:36	1	0	1	0
 8218	2019-02-06 07:33:22	1	0	1	0
19176	2019-02-06 07:34:19	1	0	1	0
 2116	2019-02-06 07:34:25	1	0	1	0
 1416	2019-02-06 07:35:07	1	0	1	0
 5116	2019-02-06 07:35:19	1	0	1	0
 9218	2019-02-06 07:35:46	1	0	1	0
    7	2019-02-06 07:35:52	1	0	1	0
 1016	2019-02-06 07:36:30	1	0	1	0
10432	2019-02-06 07:37:03	1	0	1	0
    2	2019-02-06 07:37:14	1	0	1	0
96114	2019-02-06 07:39:44	1	0	1	0
  816	2019-02-06 07:44:49	1	0	1	0
 1716	2019-02-06 07:44:53	1	0	1	0
 5817	2019-02-06 07:46:39	1	0	1	0
 2216	2019-02-06 07:49:25	1	0	1	0
  316	2019-02-06 07:49:45	1	0	1	0
20063	2019-02-06 07:49:49	1	0	1	0
13022	2019-02-06 07:49:57	1	0	1	0
17253	2019-02-06 07:50:02	1	0	1	0
79170	2019-02-06 07:50:18	1	0	1	0
 6117	2019-02-06 07:50:37	1	0	1	0
 5617	2019-02-06 07:51:22	1	0	1	0
 2616	2019-02-06 07:54:31	1	0	1	0
 1316	2019-02-06 07:54:36	1	0	1	0
 6317	2019-02-06 07:55:04	1	0	1	0
79169	2019-02-06 07:55:18	1	0	1	0
 9018	2019-02-06 07:55:44	1	0	1	0
10316	2019-02-06 07:57:06	1	0	1	0
  416	2019-02-06 07:57:41	1	0	1	0
 6517	2019-02-06 08:01:58	1	0	1	0
 1616	2019-02-06 08:07:21	1	0	1	0
 1116	2019-02-06 08:23:21	1	0	1	0
79171	2019-02-06 08:53:52	1	0	1	0
 5917	2019-02-06 12:00:04	1	1	1	0
  316	2019-02-06 12:00:06	1	1	1	0
 5817	2019-02-06 12:00:13	1	1	1	0
 1716	2019-02-06 12:00:24	1	1	1	0
79169	2019-02-06 12:00:34	1	1	1	0
    1	2019-02-06 12:00:55	1	1	1	0
 6117	2019-02-06 12:01:26	1	1	1	0
17252	2019-02-06 12:01:45	1	1	1	0
19176	2019-02-06 12:03:00	1	1	1	0
10432	2019-02-06 12:03:24	1	1	1	0
  416	2019-02-06 12:03:52	1	1	1	0
 5116	2019-02-06 12:04:48	1	1	1	0
  816	2019-02-06 12:04:53	1	1	1	0
    7	2019-02-06 12:05:00	1	1	1	0
13022	2019-02-06 12:05:31	1	1	1	0
 2616	2019-02-06 12:06:16	1	1	1	0
20063	2019-02-06 12:08:48	1	1	1	0
 9018	2019-02-06 12:08:53	1	1	1	0
 6517	2019-02-06 12:08:59	1	1	1	0
 9218	2019-02-06 12:09:04	1	1	1	0
  216	2019-02-06 12:11:49	1	1	1	0
17253	2019-02-06 12:12:52	1	1	1	0
10432	2019-02-06 12:14:07	1	0	1	0
 6317	2019-02-06 12:15:38	1	1	1	0
96114	2019-02-06 12:17:01	1	1	1	0
17252	2019-02-06 12:17:15	1	0	1	0
 2616	2019-02-06 12:19:13	1	0	1	0
20063	2019-02-06 12:20:20	1	0	1	0
 6117	2019-02-06 12:22:00	1	0	1	0
 8218	2019-02-06 12:23:59	1	1	1	0
  816	2019-02-06 12:24:37	1	0	1	0
13022	2019-02-06 12:25:40	1	0	1	0
 6317	2019-02-06 12:26:04	1	0	1	0
 6517	2019-02-06 12:26:10	1	0	1	0
 9218	2019-02-06 12:26:13	1	0	1	0
 9018	2019-02-06 12:26:33	1	0	1	0
 7513	2019-02-06 12:27:46	1	1	1	0
 1716	2019-02-06 12:28:07	1	0	1	0
 5817	2019-02-06 12:28:09	1	0	1	0
  216	2019-02-06 12:28:18	1	0	1	0
10316	2019-02-06 12:29:22	1	1	1	0
79169	2019-02-06 12:29:40	1	0	1	0
19176	2019-02-06 12:29:59	1	0	1	0
 5116	2019-02-06 12:30:37	1	0	1	0
  316	2019-02-06 12:32:13	1	0	1	0
96114	2019-02-06 12:36:56	1	0	1	0
    1	2019-02-06 12:37:40	1	0	1	0
    7	2019-02-06 12:38:10	1	0	1	0
 8218	2019-02-06 12:44:21	1	0	1	0
 7513	2019-02-06 12:47:30	1	0	1	0
17253	2019-02-06 12:52:34	1	0	1	0
10316	2019-02-06 12:53:18	1	0	1	0
  416	2019-02-06 12:55:25	1	0	1	0
 5917	2019-02-06 12:56:21	1	0	1	0
  616	2019-02-06 16:00:05	1	1	1	0
20063	2019-02-06 17:00:05	1	1	1	0
79169	2019-02-06 17:00:14	1	1	1	0
 6517	2019-02-06 17:01:06	1	1	1	0
 9018	2019-02-06 17:01:12	1	1	1	0
 5917	2019-02-06 17:01:18	1	1	1	0
  316	2019-02-06 17:01:23	1	1	1	0
 6317	2019-02-06 17:02:04	1	1	1	0
 8218	2019-02-06 17:02:21	1	1	1	0
 9218	2019-02-06 17:02:43	1	1	1	0
  816	2019-02-06 17:03:22	1	1	1	0
    7	2019-02-06 17:03:29	1	1	1	0
  416	2019-02-06 17:03:45	1	1	1	0
  216	2019-02-06 17:04:12	1	1	1	0
 1716	2019-02-06 17:04:24	1	1	1	0
 5817	2019-02-06 17:04:33	1	1	1	0
17253	2019-02-06 17:04:46	1	1	1	0
 2616	2019-02-06 17:05:14	1	1	1	0
13022	2019-02-06 17:06:05	1	1	1	0
 6117	2019-02-06 17:08:23	1	1	1	0
96114	2019-02-06 17:09:08	1	1	1	0
19176	2019-02-06 17:09:28	1	1	1	0
    1	2019-02-06 17:10:30	1	1	1	0
10316	2019-02-06 17:11:30	1	1	1	0
17252	2019-02-06 17:16:01	1	1	1	0
 7513	2019-02-06 17:16:55	1	1	1	0
 4030	2019-02-06 17:38:43	1	1	1	0
79171	2019-02-06 18:00:54	1	1	1	0
  216	2019-02-07 05:17:02	1	0	1	0
19175	2019-02-07 06:35:31	1	0	1	0
    7	2019-02-07 07:09:54	1	0	1	0
  616	2019-02-07 07:11:28	1	0	1	0
   80	2019-02-07 07:14:55	1	0	1	0
 7518	2019-02-07 07:18:43	1	0	1	0
96115	2019-02-07 07:21:35	1	0	1	0
 1216	2019-02-07 07:23:31	1	0	1	0
 1916	2019-02-07 07:23:37	1	0	1	0
 4030	2019-02-07 07:24:59	1	0	1	0
 8218	2019-02-07 07:26:03	1	0	1	0
    2	2019-02-07 07:29:12	1	0	1	0
 1016	2019-02-07 07:30:19	1	0	1	0
17252	2019-02-07 07:32:25	1	0	1	0
12817	2019-02-07 07:33:49	1	0	1	0
19176	2019-02-07 07:36:11	1	0	1	0
 9218	2019-02-07 07:37:16	1	0	1	0
  316	2019-02-07 07:38:11	1	0	1	0
13022	2019-02-07 07:38:42	1	0	1	0
79169	2019-02-07 07:39:25	1	0	1	0
 1716	2019-02-07 07:45:16	1	0	1	0
17253	2019-02-07 07:45:41	1	0	1	0
 1316	2019-02-07 07:45:47	1	0	1	0
96114	2019-02-07 07:47:24	1	0	1	0
 6117	2019-02-07 07:48:58	1	0	1	0
 5917	2019-02-07 07:50:02	1	0	1	0
  416	2019-02-07 07:51:16	1	0	1	0
 5116	2019-02-07 07:51:39	1	0	1	0
 5817	2019-02-07 07:53:30	1	0	1	0
 6317	2019-02-07 07:55:02	1	0	1	0
 6517	2019-02-07 07:56:26	1	0	1	0
    3	2019-02-07 07:57:32	1	0	1	0
    6	2019-02-07 07:57:50	1	0	1	0
 2216	2019-02-07 08:00:11	1	0	1	0
10316	2019-02-07 08:00:18	1	0	1	0
20063	2019-02-07 08:00:33	1	0	1	0
  816	2019-02-07 08:02:02	1	0	1	0
 9018	2019-02-07 08:06:11	1	0	1	0
79171	2019-02-07 08:54:01	1	0	1	0
  416	2019-02-07 12:00:06	1	1	1	0
20063	2019-02-07 12:00:11	1	1	1	0
 5917	2019-02-07 12:00:15	1	1	1	0
79169	2019-02-07 12:00:28	1	1	1	0
 6117	2019-02-07 12:00:46	1	1	1	0
    1	2019-02-07 12:01:03	1	1	1	0
19176	2019-02-07 12:01:52	1	1	1	0
17253	2019-02-07 12:04:11	1	1	1	0
10316	2019-02-07 12:04:23	1	1	1	0
17252	2019-02-07 12:04:37	1	1	1	0
 5817	2019-02-07 12:10:40	1	1	1	0
  316	2019-02-07 12:10:50	1	1	1	0
 5116	2019-02-07 12:10:58	1	1	1	0
 1716	2019-02-07 12:11:02	1	1	1	0
13022	2019-02-07 12:11:56	1	1	1	0
 6317	2019-02-07 12:12:09	1	1	1	0
 9218	2019-02-07 12:12:25	1	1	1	0
    7	2019-02-07 12:13:13	1	1	1	0
 8218	2019-02-07 12:15:02	1	1	1	0
79169	2019-02-07 12:18:00	1	0	1	0
20063	2019-02-07 12:19:19	1	0	1	0
19175	2019-02-07 12:19:40	1	1	1	0
   80	2019-02-07 12:19:44	1	1	1	0
 7518	2019-02-07 12:19:49	1	1	1	0
  216	2019-02-07 12:20:07	1	1	1	0
  316	2019-02-07 12:21:57	1	0	1	0
 5817	2019-02-07 12:22:10	1	0	1	0
 6117	2019-02-07 12:23:35	1	0	1	0
 6317	2019-02-07 12:24:27	1	0	1	0
    1	2019-02-07 12:25:51	1	0	1	0
96114	2019-02-07 12:26:24	1	1	1	0
 5116	2019-02-07 12:26:35	1	0	1	0
 9218	2019-02-07 12:26:37	1	0	1	0
 8218	2019-02-07 12:35:25	1	0	1	0
19176	2019-02-07 12:39:13	1	0	1	0
10316	2019-02-07 12:39:23	1	0	1	0
    7	2019-02-07 12:42:22	1	0	1	0
 1716	2019-02-07 12:43:41	1	0	1	0
19175	2019-02-07 12:48:09	1	0	1	0
   80	2019-02-07 12:48:14	1	0	1	0
 7518	2019-02-07 12:48:19	1	0	1	0
  216	2019-02-07 12:48:33	1	0	1	0
  416	2019-02-07 12:48:39	1	0	1	0
96114	2019-02-07 12:48:46	1	0	1	0
17253	2019-02-07 12:49:25	1	0	1	0
17252	2019-02-07 12:49:40	1	0	1	0
13022	2019-02-07 12:51:36	1	0	1	0
 5917	2019-02-07 12:53:09	1	0	1	0
  616	2019-02-07 16:02:31	1	1	1	0
20063	2019-02-07 17:00:05	1	1	1	0
 5116	2019-02-07 17:00:08	1	1	1	0
  316	2019-02-07 17:00:13	1	1	1	0
  216	2019-02-07 17:00:33	1	1	1	0
96114	2019-02-07 17:00:48	1	1	1	0
    1	2019-02-07 17:00:54	1	1	1	0
 6317	2019-02-07 17:01:02	1	1	1	0
13022	2019-02-07 17:01:11	1	1	1	0
17252	2019-02-07 17:01:20	1	1	1	0
 6517	2019-02-07 17:01:33	1	1	1	0
 9218	2019-02-07 17:01:37	1	1	1	0
 5817	2019-02-07 17:01:43	1	1	1	0
 5917	2019-02-07 17:02:02	1	1	1	0
 1716	2019-02-07 17:02:09	1	1	1	0
79169	2019-02-07 17:02:46	1	1	1	0
 6117	2019-02-07 17:03:10	1	1	1	0
   80	2019-02-07 17:03:52	1	1	1	0
 7518	2019-02-07 17:03:58	1	1	1	0
 8218	2019-02-07 17:04:06	1	1	1	0
  416	2019-02-07 17:04:51	1	1	1	0
19176	2019-02-07 17:07:07	1	1	1	0
17253	2019-02-07 17:08:14	1	1	1	0
10316	2019-02-07 17:08:42	1	1	1	0
    7	2019-02-07 17:09:05	1	1	1	0
 4030	2019-02-07 17:16:32	1	1	1	0
79171	2019-02-07 17:54:24	1	1	1	0
19175	2019-02-07 19:17:25	1	1	1	0
  216	2019-02-08 05:32:00	1	0	1	0
    7	2019-02-08 06:47:04	1	0	1	0
 4030	2019-02-08 06:49:54	1	0	1	0
36173	2019-02-08 07:05:14	1	0	1	0
 7518	2019-02-08 07:05:41	1	0	1	0
 8218	2019-02-08 07:20:28	1	0	1	0
19175	2019-02-08 07:20:59	1	0	1	0
   80	2019-02-08 07:21:35	1	0	1	0
  616	2019-02-08 07:22:00	1	0	1	0
 7513	2019-02-08 07:23:03	1	0	1	0
 1216	2019-02-08 07:24:23	1	0	1	0
 1916	2019-02-08 07:24:29	1	0	1	0
17252	2019-02-08 07:27:04	1	0	1	0
 1016	2019-02-08 07:27:27	1	0	1	0
 9218	2019-02-08 07:33:34	1	0	1	0
 2216	2019-02-08 07:35:02	1	0	1	0
20063	2019-02-08 07:35:36	1	0	1	0
12817	2019-02-08 07:42:07	1	0	1	0
    2	2019-02-08 07:43:14	1	0	1	0
96115	2019-02-08 07:47:31	1	0	1	0
96114	2019-02-08 07:48:14	1	0	1	0
 1616	2019-02-08 07:48:52	1	0	1	0
    1	2019-02-08 07:49:22	1	0	1	0
 5917	2019-02-08 07:49:31	1	0	1	0
13022	2019-02-08 07:50:16	1	0	1	0
  316	2019-02-08 07:50:20	1	0	1	0
 1716	2019-02-08 07:52:20	1	0	1	0
17253	2019-02-08 07:53:16	1	0	1	0
79169	2019-02-08 07:53:52	1	0	1	0
 6117	2019-02-08 07:54:04	1	0	1	0
  416	2019-02-08 07:54:27	1	0	1	0
 5817	2019-02-08 07:55:15	1	0	1	0
 9018	2019-02-08 07:56:32	1	0	1	0
 1316	2019-02-08 07:56:57	1	0	1	0
  816	2019-02-08 07:57:36	1	0	1	0
 6317	2019-02-08 07:59:30	1	0	1	0
10316	2019-02-08 08:08:19	1	0	1	0
79171	2019-02-08 08:45:54	1	0	1	0
 5817	2019-02-08 12:00:07	1	1	1	0
 5917	2019-02-08 12:00:18	1	1	1	0
  216	2019-02-08 12:00:33	1	1	1	0
  816	2019-02-08 12:00:40	1	1	1	0
13022	2019-02-08 12:00:49	1	1	1	0
20063	2019-02-08 12:01:07	1	1	1	0
19175	2019-02-08 12:01:12	1	1	1	0
 8218	2019-02-08 12:01:19	1	1	1	0
  316	2019-02-08 12:01:27	1	1	1	0
  416	2019-02-08 12:01:32	1	1	1	0
17253	2019-02-08 12:01:37	1	1	1	0
 1716	2019-02-08 12:01:48	1	1	1	0
 7513	2019-02-08 12:01:56	1	1	1	0
79169	2019-02-08 12:02:26	1	1	1	0
    3	2019-02-08 12:02:42	1	1	1	0
 6317	2019-02-08 12:03:55	1	1	1	0
17252	2019-02-08 12:04:33	1	1	1	0
96114	2019-02-08 12:06:21	1	1	1	0
 2616	2019-02-08 12:07:07	1	0	1	0
 5817	2019-02-08 12:11:19	1	0	1	0
19175	2019-02-08 12:11:25	1	0	1	0
 9218	2019-02-08 12:11:42	1	1	1	0
 9018	2019-02-08 12:11:52	1	1	1	0
17253	2019-02-08 12:12:07	1	0	1	0
  316	2019-02-08 12:12:28	1	0	1	0
13022	2019-02-08 12:12:48	1	0	1	0
 8218	2019-02-08 12:13:42	1	0	1	0
 6317	2019-02-08 12:14:28	1	0	1	0
17252	2019-02-08 12:15:25	1	0	1	0
 7518	2019-02-08 12:15:48	1	1	1	0
   80	2019-02-08 12:15:50	1	1	1	0
20063	2019-02-08 12:20:18	1	0	1	0
  216	2019-02-08 12:20:23	1	0	1	0
79169	2019-02-08 12:22:30	1	0	1	0
 1716	2019-02-08 12:23:08	1	0	1	0
 9018	2019-02-08 12:24:11	1	0	1	0
 9218	2019-02-08 12:24:15	1	0	1	0
   80	2019-02-08 12:31:13	1	0	1	0
 7518	2019-02-08 12:31:18	1	0	1	0
 6117	2019-02-08 12:43:18	1	1	1	0
 5917	2019-02-08 12:49:56	1	0	1	0
  416	2019-02-08 12:52:52	1	0	1	0
 6117	2019-02-08 12:53:21	1	0	1	0
 7513	2019-02-08 14:09:16	1	0	1	0
  616	2019-02-08 16:00:41	1	1	1	0
20063	2019-02-08 17:00:04	1	1	1	0
  316	2019-02-08 17:00:10	1	1	1	0
 6317	2019-02-08 17:00:19	1	1	1	0
 2616	2019-02-08 17:00:46	1	1	1	0
   80	2019-02-08 17:01:11	1	1	1	0
    1	2019-02-08 17:01:17	1	1	1	0
 8218	2019-02-08 17:01:47	1	1	1	0
19175	2019-02-08 17:01:52	1	1	1	0
 5917	2019-02-08 17:02:02	1	1	1	0
 5817	2019-02-08 17:02:39	1	1	1	0
  416	2019-02-08 17:02:48	1	1	1	0
 7518	2019-02-08 17:03:01	1	1	1	0
 9218	2019-02-08 17:03:19	1	1	1	0
13022	2019-02-08 17:04:14	1	1	1	0
 1716	2019-02-08 17:04:23	1	1	1	0
  216	2019-02-08 17:05:43	1	1	1	0
 7513	2019-02-08 17:06:02	1	1	1	0
 9018	2019-02-08 17:06:35	1	1	1	0
 6117	2019-02-08 17:07:39	1	1	1	0
96114	2019-02-08 17:07:48	1	1	1	0
10316	2019-02-08 17:08:55	1	1	1	0
36177	2019-02-08 17:10:00	1	1	1	0
17253	2019-02-08 17:31:20	1	1	1	0
17252	2019-02-08 17:54:28	1	1	1	0
79171	2019-02-08 18:14:31	1	1	1	0
  616	2019-02-09 07:52:54	1	0	1	0
  616	2019-02-09 16:00:02	1	1	1	0
  216	2019-02-11 05:41:30	1	0	1	0
    1	2019-02-11 06:20:54	1	0	1	0
12817	2019-02-11 06:46:03	1	0	1	0
79169	2019-02-11 07:01:55	1	0	1	0
   80	2019-02-11 07:02:58	1	0	1	0
 7518	2019-02-11 07:07:50	1	0	1	0
 4030	2019-02-11 07:07:59	1	0	1	0
19261	2019-02-11 07:16:27	1	0	1	0
    7	2019-02-11 07:19:17	1	0	1	0
10432	2019-02-11 07:20:43	1	0	1	0
17252	2019-02-11 07:22:13	1	0	1	0
96113	2019-02-11 07:23:50	1	0	1	0
 2416	2019-02-11 07:24:02	1	0	1	0
 1216	2019-02-11 07:24:07	1	0	1	0
 8218	2019-02-11 07:24:16	1	0	1	0
 1916	2019-02-11 07:24:25	1	0	1	0
19176	2019-02-11 07:24:41	1	0	1	0
 2216	2019-02-11 07:25:45	1	0	1	0
20063	2019-02-11 07:26:06	1	0	1	0
 9218	2019-02-11 07:27:43	1	0	1	0
36179	2019-02-11 07:29:16	1	0	1	0
96114	2019-02-11 07:29:55	1	0	1	0
36173	2019-02-11 07:33:52	1	0	1	0
 1616	2019-02-11 07:34:42	1	0	1	0
17253	2019-02-11 07:36:41	1	0	1	0
96115	2019-02-11 07:36:45	1	0	1	0
 1016	2019-02-11 07:37:04	1	0	1	0
    2	2019-02-11 07:37:29	1	0	1	0
79174	2019-02-11 07:37:58	1	0	1	0
 7513	2019-02-11 07:38:03	1	0	1	0
79171	2019-02-11 07:39:28	1	0	1	0
    6	2019-02-11 07:40:14	1	0	1	0
    3	2019-02-11 07:40:32	1	0	1	0
 5817	2019-02-11 07:42:00	1	0	1	0
36177	2019-02-11 07:42:28	1	0	1	0
 6117	2019-02-11 07:44:07	1	0	1	0
 2116	2019-02-11 07:46:19	1	0	1	0
79170	2019-02-11 07:46:23	1	0	1	0
 5917	2019-02-11 07:46:52	1	0	1	0
 1116	2019-02-11 07:48:45	1	0	1	0
 6317	2019-02-11 07:50:10	1	0	1	0
 5116	2019-02-11 07:51:04	1	0	1	0
13022	2019-02-11 07:51:33	1	0	1	0
  716	2019-02-11 07:51:57	1	0	1	0
  316	2019-02-11 07:52:00	1	0	1	0
 1716	2019-02-11 07:52:15	1	0	1	0
  416	2019-02-11 07:54:59	1	0	1	0
 1316	2019-02-11 07:56:16	1	0	1	0
 9018	2019-02-11 07:56:21	1	0	1	0
79166	2019-02-11 07:57:29	1	0	1	0
10316	2019-02-11 08:04:27	1	0	1	0
 2616	2019-02-11 08:04:32	1	0	1	0
  816	2019-02-11 08:04:42	1	0	1	0
 6217	2019-02-11 08:05:34	1	0	1	0
 6517	2019-02-11 08:07:11	1	0	1	0
  616	2019-02-11 08:42:42	1	0	1	0
17718	2019-02-11 09:13:08	1	0	1	0
  716	2019-02-11 11:56:32	1	0	1	0
  416	2019-02-11 12:00:06	1	1	1	0
 5917	2019-02-11 12:00:14	1	1	1	0
17253	2019-02-11 12:00:19	1	1	1	0
19176	2019-02-11 12:00:29	1	1	1	0
13022	2019-02-11 12:00:34	1	1	1	0
    1	2019-02-11 12:00:39	1	1	1	0
10316	2019-02-11 12:00:59	1	1	1	0
17252	2019-02-11 12:01:07	1	1	1	0
 6517	2019-02-11 12:01:14	1	1	1	0
 9018	2019-02-11 12:01:45	1	1	1	0
 9218	2019-02-11 12:01:48	1	1	1	0
 6117	2019-02-11 12:01:56	1	1	1	0
12817	2019-02-11 12:02:00	1	1	1	0
 5116	2019-02-11 12:02:05	1	1	1	0
20063	2019-02-11 12:02:50	1	1	1	0
    6	2019-02-11 12:03:24	1	1	1	0
36177	2019-02-11 12:03:53	1	1	1	0
36179	2019-02-11 12:04:02	1	1	1	0
 6217	2019-02-11 12:04:09	1	1	1	0
 8218	2019-02-11 12:05:20	1	1	1	0
96114	2019-02-11 12:06:10	1	1	1	0
  316	2019-02-11 12:06:33	1	1	1	0
 1716	2019-02-11 12:06:38	1	1	1	0
    7	2019-02-11 12:07:39	1	1	1	0
79169	2019-02-11 12:07:45	1	1	1	0
10432	2019-02-11 12:07:51	1	1	1	0
 7513	2019-02-11 12:07:59	1	1	1	0
  216	2019-02-11 12:09:15	1	1	1	0
 1116	2019-02-11 12:09:36	1	1	1	0
  816	2019-02-11 12:10:59	1	1	1	0
 5817	2019-02-11 12:11:10	1	1	1	0
 6517	2019-02-11 12:11:16	1	0	1	0
17253	2019-02-11 12:12:51	1	0	1	0
    6	2019-02-11 12:13:24	1	0	1	0
36177	2019-02-11 12:17:43	1	0	1	0
96114	2019-02-11 12:17:57	1	0	1	0
79169	2019-02-11 12:18:24	1	0	1	0
   80	2019-02-11 12:18:30	1	1	1	0
 7518	2019-02-11 12:18:34	1	1	1	0
20063	2019-02-11 12:19:58	1	0	1	0
10432	2019-02-11 12:20:14	1	0	1	0
  216	2019-02-11 12:20:25	1	0	1	0
  316	2019-02-11 12:21:19	1	0	1	0
 1716	2019-02-11 12:21:27	1	0	1	0
 5817	2019-02-11 12:21:38	1	0	1	0
    7	2019-02-11 12:21:57	1	0	1	0
19176	2019-02-11 12:27:42	1	0	1	0
10316	2019-02-11 12:27:49	1	0	1	0
 6117	2019-02-11 12:29:58	1	0	1	0
 4030	2019-02-11 12:30:39	1	1	1	0
 7513	2019-02-11 12:31:16	1	1	1	0
  816	2019-02-11 12:32:29	1	0	1	0
 6317	2019-02-11 12:36:30	1	1	1	0
   80	2019-02-11 12:39:41	1	0	1	0
 7518	2019-02-11 12:39:46	1	0	1	0
  716	2019-02-11 12:41:43	1	0	1	0
 4030	2019-02-11 12:42:40	1	0	1	0
    1	2019-02-11 12:42:49	1	0	1	0
36179	2019-02-11 12:43:20	1	0	1	0
13022	2019-02-11 12:45:58	1	0	1	0
 8218	2019-02-11 12:47:24	1	0	1	0
17252	2019-02-11 12:51:47	1	0	1	0
  416	2019-02-11 12:54:09	1	0	1	0
 5917	2019-02-11 12:55:48	1	0	1	0
79171	2019-02-11 16:06:25	1	0	1	0
 5917	2019-02-11 17:01:04	1	1	1	0
17253	2019-02-11 17:01:14	1	1	1	0
19176	2019-02-11 17:01:19	1	1	1	0
  416	2019-02-11 17:01:34	1	1	1	0
    1	2019-02-11 17:01:51	1	1	1	0
  216	2019-02-11 17:02:05	1	1	1	0
36179	2019-02-11 17:03:22	1	1	1	0
 7518	2019-02-11 17:03:28	1	1	1	0
   80	2019-02-11 17:03:31	1	1	1	0
  316	2019-02-11 17:03:48	1	1	1	0
20063	2019-02-11 17:03:51	1	1	1	0
13022	2019-02-11 17:03:58	1	1	1	0
 6117	2019-02-11 17:04:14	1	1	1	0
 8218	2019-02-11 17:04:49	1	1	1	0
 5817	2019-02-11 17:06:43	1	1	1	0
 1716	2019-02-11 17:06:47	1	1	1	0
  716	2019-02-11 17:06:58	1	1	1	0
79169	2019-02-11 17:08:10	1	1	1	0
17718	2019-02-11 17:08:22	1	1	1	0
 7513	2019-02-11 17:08:26	1	1	1	0
96114	2019-02-11 17:08:33	1	1	1	0
 9218	2019-02-11 17:09:16	1	1	1	0
 9018	2019-02-11 17:09:25	1	1	1	0
36177	2019-02-11 17:10:59	1	1	1	0
 6517	2019-02-11 17:11:44	1	1	1	0
12817	2019-02-11 17:12:11	1	1	1	0
10316	2019-02-11 17:13:10	1	1	1	0
  616	2019-02-11 17:14:44	1	1	1	0
17252	2019-02-11 17:17:30	1	1	1	0
    7	2019-02-11 17:28:54	1	1	1	0
10432	2019-02-11 18:03:19	1	1	1	0
 4030	2019-02-11 18:16:24	1	1	1	0
  216	2019-02-12 05:32:05	1	0	1	0
    7	2019-02-12 06:45:57	1	0	1	0
36173	2019-02-12 06:49:33	1	0	1	0
79169	2019-02-12 06:59:40	1	0	1	0
   80	2019-02-12 07:03:00	1	0	1	0
 4030	2019-02-12 07:11:20	1	0	1	0
96115	2019-02-12 07:13:53	1	0	1	0
 7518	2019-02-12 07:18:08	1	0	1	0
10432	2019-02-12 07:20:29	1	0	1	0
17252	2019-02-12 07:22:13	1	0	1	0
19176	2019-02-12 07:25:50	1	0	1	0
 1216	2019-02-12 07:26:11	1	0	1	0
 1916	2019-02-12 07:26:19	1	0	1	0
    2	2019-02-12 07:31:15	1	0	1	0
 7513	2019-02-12 07:31:29	1	0	1	0
    1	2019-02-12 07:31:58	1	0	1	0
 8218	2019-02-12 07:36:40	1	0	1	0
 9218	2019-02-12 07:37:01	1	0	1	0
 1016	2019-02-12 07:37:13	1	0	1	0
 5917	2019-02-12 07:43:18	1	0	1	0
17253	2019-02-12 07:43:54	1	0	1	0
79171	2019-02-12 07:45:17	1	0	1	0
 2216	2019-02-12 07:45:54	1	0	1	0
12817	2019-02-12 07:46:08	1	0	1	0
20063	2019-02-12 07:46:15	1	0	1	0
96114	2019-02-12 07:46:21	1	0	1	0
  416	2019-02-12 07:49:36	1	0	1	0
 6117	2019-02-12 07:51:20	1	0	1	0
 1716	2019-02-12 07:51:46	1	0	1	0
 1616	2019-02-12 07:51:51	1	0	1	0
13022	2019-02-12 07:52:33	1	0	1	0
  316	2019-02-12 07:52:37	1	0	1	0
 1116	2019-02-12 07:54:50	1	0	1	0
 5817	2019-02-12 07:55:46	1	0	1	0
 1316	2019-02-12 07:58:47	1	0	1	0
10316	2019-02-12 08:00:17	1	0	1	0
  816	2019-02-12 08:02:59	1	0	1	0
 5116	2019-02-12 08:03:29	1	0	1	0
36171	2019-02-12 10:40:32	1	0	1	0
 1116	2019-02-12 10:40:41	1	1	1	0
79169	2019-02-12 12:00:09	1	1	1	0
 5917	2019-02-12 12:00:14	1	1	1	0
  416	2019-02-12 12:00:55	1	1	1	0
12817	2019-02-12 12:01:00	1	1	1	0
 5817	2019-02-12 12:01:25	1	1	1	0
 6117	2019-02-12 12:01:31	1	1	1	0
36171	2019-02-12 12:02:06	1	1	1	0
 4030	2019-02-12 12:02:47	1	1	1	0
 8218	2019-02-12 12:04:20	1	1	1	0
17253	2019-02-12 12:05:36	1	1	1	0
20063	2019-02-12 12:06:23	1	1	1	0
17252	2019-02-12 12:06:35	1	1	1	0
10432	2019-02-12 12:06:48	1	1	1	0
    1	2019-02-12 12:08:23	1	1	1	0
  816	2019-02-12 12:08:54	1	1	1	0
 5116	2019-02-12 12:08:58	1	1	1	0
 1716	2019-02-12 12:09:05	1	1	1	0
  216	2019-02-12 12:11:01	1	1	1	0
79169	2019-02-12 12:12:17	1	0	1	0
  316	2019-02-12 12:12:39	1	1	1	0
13022	2019-02-12 12:12:55	1	1	1	0
 7518	2019-02-12 12:14:34	1	1	1	0
   80	2019-02-12 12:14:41	1	1	1	0
    7	2019-02-12 12:15:21	1	1	1	0
19176	2019-02-12 12:17:54	1	1	1	0
10316	2019-02-12 12:18:23	1	1	1	0
10432	2019-02-12 12:19:10	1	0	1	0
 4030	2019-02-12 12:19:14	1	0	1	0
 6117	2019-02-12 12:19:37	1	0	1	0
    1	2019-02-12 12:20:26	1	0	1	0
 7513	2019-02-12 12:20:50	1	1	1	0
96114	2019-02-12 12:21:58	1	1	1	0
  216	2019-02-12 12:23:02	1	0	1	0
20063	2019-02-12 12:25:19	1	0	1	0
13022	2019-02-12 12:25:29	1	0	1	0
    7	2019-02-12 12:26:55	1	0	1	0
19176	2019-02-12 12:30:23	1	0	1	0
  816	2019-02-12 12:31:21	1	0	1	0
 5116	2019-02-12 12:31:24	1	0	1	0
  316	2019-02-12 12:31:39	1	0	1	0
 1716	2019-02-12 12:31:44	1	0	1	0
96114	2019-02-12 12:32:25	1	0	1	0
 5817	2019-02-12 12:33:57	1	0	1	0
10316	2019-02-12 12:34:43	1	0	1	0
17253	2019-02-12 12:36:55	1	0	1	0
17252	2019-02-12 12:37:04	1	0	1	0
 7513	2019-02-12 12:39:02	1	0	1	0
   80	2019-02-12 12:42:32	1	0	1	0
 7518	2019-02-12 12:42:43	1	0	1	0
  416	2019-02-12 12:43:50	1	0	1	0
 5917	2019-02-12 12:48:30	1	0	1	0
 8218	2019-02-12 12:53:06	1	0	1	0
20063	2019-02-12 17:00:10	1	1	1	0
  316	2019-02-12 17:00:14	1	1	1	0
    1	2019-02-12 17:00:35	1	1	1	0
 5917	2019-02-12 17:01:07	1	1	1	0
 8218	2019-02-12 17:01:35	1	1	1	0
  416	2019-02-12 17:01:49	1	1	1	0
  816	2019-02-12 17:02:48	1	1	1	0
 5116	2019-02-12 17:02:50	1	1	1	0
13022	2019-02-12 17:03:55	1	1	1	0
 6117	2019-02-12 17:04:40	1	1	1	0
79169	2019-02-12 17:05:25	1	1	1	0
  216	2019-02-12 17:05:30	1	1	1	0
10316	2019-02-12 17:05:48	1	1	1	0
19176	2019-02-12 17:05:58	1	1	1	0
 7518	2019-02-12 17:06:13	1	1	1	0
   80	2019-02-12 17:06:17	1	1	1	0
 7513	2019-02-12 17:06:37	1	1	1	0
 1716	2019-02-12 17:07:53	1	1	1	0
96114	2019-02-12 17:08:00	1	1	1	0
 5817	2019-02-12 17:08:02	1	1	1	0
12817	2019-02-12 17:11:53	1	1	1	0
    7	2019-02-12 17:12:07	1	1	1	0
17253	2019-02-12 17:18:09	1	1	1	0
17252	2019-02-12 17:31:18	1	1	1	0
79171	2019-02-12 17:54:46	1	1	1	0
 4030	2019-02-12 18:03:47	1	1	1	0
10432	2019-02-12 18:07:48	1	1	1	0
  216	2019-02-13 05:34:48	1	0	1	0
    7	2019-02-13 06:21:32	1	0	1	0
 4030	2019-02-13 06:32:24	1	0	1	0
 8218	2019-02-13 07:04:13	1	0	1	0
   80	2019-02-13 07:07:05	1	0	1	0
36173	2019-02-13 07:13:51	1	0	1	0
79169	2019-02-13 07:15:24	1	0	1	0
17252	2019-02-13 07:17:37	1	0	1	0
19176	2019-02-13 07:22:28	1	0	1	0
  616	2019-02-13 07:22:58	1	0	1	0
 1216	2019-02-13 07:24:20	1	0	1	0
 1916	2019-02-13 07:24:29	1	0	1	0
 1016	2019-02-13 07:28:15	1	0	1	0
 7518	2019-02-13 07:32:15	1	0	1	0
 9218	2019-02-13 07:33:00	1	0	1	0
 1416	2019-02-13 07:34:31	1	0	1	0
96115	2019-02-13 07:36:36	1	0	1	0
    2	2019-02-13 07:37:41	1	0	1	0
10432	2019-02-13 07:37:47	1	0	1	0
79170	2019-02-13 07:38:08	1	0	1	0
 2116	2019-02-13 07:38:16	1	0	1	0
  816	2019-02-13 07:43:08	1	0	1	0
12817	2019-02-13 07:43:19	1	0	1	0
    3	2019-02-13 07:44:09	1	0	1	0
    6	2019-02-13 07:44:43	1	0	1	0
 2216	2019-02-13 07:45:22	1	0	1	0
20063	2019-02-13 07:45:31	1	0	1	0
 7513	2019-02-13 07:46:11	1	0	1	0
 5917	2019-02-13 07:46:30	1	0	1	0
    1	2019-02-13 07:46:56	1	0	1	0
96114	2019-02-13 07:48:29	1	0	1	0
 1716	2019-02-13 07:49:40	1	0	1	0
 5817	2019-02-13 07:51:42	1	0	1	0
17253	2019-02-13 07:53:40	1	0	1	0
  416	2019-02-13 07:53:47	1	0	1	0
 6117	2019-02-13 07:54:36	1	0	1	0
13022	2019-02-13 07:55:21	1	0	1	0
  316	2019-02-13 07:55:31	1	0	1	0
 1616	2019-02-13 07:57:38	1	0	1	0
 1316	2019-02-13 07:57:48	1	0	1	0
10316	2019-02-13 07:58:55	1	0	1	0
 5116	2019-02-13 08:08:33	1	0	1	0
79171	2019-02-13 08:41:39	1	0	1	0
  316	2019-02-13 12:00:02	1	1	1	0
  216	2019-02-13 12:00:17	1	1	1	0
13022	2019-02-13 12:00:24	1	1	1	0
 4030	2019-02-13 12:00:36	1	1	1	0
 5917	2019-02-13 12:01:41	1	1	1	0
79169	2019-02-13 12:01:47	1	1	1	0
  416	2019-02-13 12:01:49	1	1	1	0
17253	2019-02-13 12:02:11	1	1	1	0
 5817	2019-02-13 12:02:15	1	1	1	0
96114	2019-02-13 12:02:27	1	1	1	0
 6117	2019-02-13 12:02:46	1	1	1	0
 8218	2019-02-13 12:02:59	1	1	1	0
 7513	2019-02-13 12:03:40	1	1	1	0
20063	2019-02-13 12:04:41	1	1	1	0
10432	2019-02-13 12:06:20	1	1	1	0
    1	2019-02-13 12:09:25	1	1	1	0
17252	2019-02-13 12:09:48	1	1	1	0
  216	2019-02-13 12:12:57	1	0	1	0
 4030	2019-02-13 12:13:16	1	0	1	0
79169	2019-02-13 12:13:34	1	0	1	0
  316	2019-02-13 12:13:51	1	0	1	0
 8218	2019-02-13 12:15:24	1	0	1	0
96114	2019-02-13 12:16:27	1	0	1	0
 7513	2019-02-13 12:20:49	1	0	1	0
 5817	2019-02-13 12:20:51	1	0	1	0
 7518	2019-02-13 12:21:05	1	1	1	0
   80	2019-02-13 12:21:08	1	1	1	0
13022	2019-02-13 12:21:45	1	0	1	0
10432	2019-02-13 12:22:06	1	0	1	0
19176	2019-02-13 12:23:09	1	1	1	0
10316	2019-02-13 12:24:01	1	1	1	0
 6117	2019-02-13 12:24:32	1	0	1	0
    1	2019-02-13 12:26:47	1	0	1	0
 5917	2019-02-13 12:29:09	1	0	1	0
 1716	2019-02-13 12:29:32	1	1	1	0
  816	2019-02-13 12:29:37	1	1	1	0
    7	2019-02-13 12:29:59	1	1	1	0
 5116	2019-02-13 12:30:04	1	1	1	0
20063	2019-02-13 12:30:21	1	0	1	0
10316	2019-02-13 12:37:49	1	0	1	0
19176	2019-02-13 12:40:50	1	0	1	0
 7518	2019-02-13 12:45:31	1	0	1	0
   80	2019-02-13 12:45:35	1	0	1	0
  816	2019-02-13 12:45:52	1	0	1	0
 5116	2019-02-13 12:45:59	1	0	1	0
    7	2019-02-13 12:46:07	1	0	1	0
 1716	2019-02-13 12:46:15	1	0	1	0
17253	2019-02-13 12:46:21	1	0	1	0
17252	2019-02-13 12:46:49	1	0	1	0
  416	2019-02-13 12:55:19	1	0	1	0
  616	2019-02-13 16:00:03	1	1	1	0
20063	2019-02-13 17:00:09	1	1	1	0
  316	2019-02-13 17:00:17	1	1	1	0
 8218	2019-02-13 17:00:40	1	1	1	0
 5917	2019-02-13 17:01:07	1	1	1	0
 5817	2019-02-13 17:01:11	1	1	1	0
  416	2019-02-13 17:01:24	1	1	1	0
 1716	2019-02-13 17:01:38	1	1	1	0
13022	2019-02-13 17:02:05	1	1	1	0
79169	2019-02-13 17:02:16	1	1	1	0
 6117	2019-02-13 17:02:22	1	1	1	0
 6517	2019-02-13 17:02:33	1	1	1	0
 9218	2019-02-13 17:02:41	1	1	1	0
  216	2019-02-13 17:02:43	1	1	1	0
  816	2019-02-13 17:03:10	1	1	1	0
 5116	2019-02-13 17:03:12	1	1	1	0
 7518	2019-02-13 17:03:57	1	1	1	0
   80	2019-02-13 17:04:04	1	1	1	0
 7513	2019-02-13 17:04:10	1	1	1	0
    1	2019-02-13 17:04:28	1	1	1	0
19176	2019-02-13 17:04:45	1	1	1	0
10316	2019-02-13 17:04:58	1	1	1	0
96114	2019-02-13 17:05:07	1	1	1	0
    7	2019-02-13 17:10:30	1	1	1	0
12817	2019-02-13 17:12:59	1	1	1	0
17253	2019-02-13 17:24:32	1	1	1	0
79171	2019-02-13 17:43:11	1	1	1	0
17252	2019-02-13 17:48:46	1	1	1	0
10432	2019-02-13 18:22:46	1	1	1	0
  216	2019-02-14 05:40:30	1	0	1	0
36173	2019-02-14 06:34:03	1	0	1	0
    7	2019-02-14 06:45:01	1	0	1	0
19176	2019-02-14 06:50:31	1	0	1	0
79169	2019-02-14 06:53:43	1	0	1	0
   80	2019-02-14 07:07:34	1	0	1	0
 8218	2019-02-14 07:15:29	1	0	1	0
 1216	2019-02-14 07:22:29	1	0	1	0
 1916	2019-02-14 07:22:36	1	0	1	0
    2	2019-02-14 07:24:25	1	0	1	0
 7518	2019-02-14 07:24:57	1	0	1	0
 1016	2019-02-14 07:25:59	1	0	1	0
19261	2019-02-14 07:28:34	1	0	1	0
 5817	2019-02-14 07:28:39	1	0	1	0
17252	2019-02-14 07:30:53	1	0	1	0
 2116	2019-02-14 07:33:48	1	0	1	0
79171	2019-02-14 07:35:05	1	0	1	0
 9218	2019-02-14 07:35:31	1	0	1	0
10432	2019-02-14 07:36:48	1	0	1	0
 7513	2019-02-14 07:38:04	1	0	1	0
    1	2019-02-14 07:38:33	1	0	1	0
12817	2019-02-14 07:41:20	1	0	1	0
 1416	2019-02-14 07:41:39	1	0	1	0
 5917	2019-02-14 07:42:43	1	0	1	0
 6117	2019-02-14 07:43:27	1	0	1	0
17253	2019-02-14 07:45:10	1	0	1	0
 5116	2019-02-14 07:48:35	1	0	1	0
 1716	2019-02-14 07:48:56	1	0	1	0
 1316	2019-02-14 07:49:02	1	0	1	0
 2216	2019-02-14 07:49:16	1	0	1	0
20063	2019-02-14 07:51:20	1	0	1	0
10316	2019-02-14 07:51:34	1	0	1	0
96115	2019-02-14 07:52:18	1	0	1	0
96113	2019-02-14 07:52:36	1	0	1	0
    6	2019-02-14 07:53:01	1	0	1	0
 1616	2019-02-14 07:53:46	1	0	1	0
36177	2019-02-14 07:56:09	1	0	1	0
  316	2019-02-14 07:58:16	1	0	1	0
13022	2019-02-14 07:58:42	1	0	1	0
  416	2019-02-14 08:04:55	1	0	1	0
 9018	2019-02-14 08:05:15	1	0	1	0
  616	2019-02-14 08:06:56	1	0	1	0
  416	2019-02-14 12:01:00	1	1	1	0
 9018	2019-02-14 12:01:08	1	1	1	0
 9218	2019-02-14 12:01:10	1	1	1	0
 6517	2019-02-14 12:01:19	1	1	1	0
 6117	2019-02-14 12:01:37	1	1	1	0
12817	2019-02-14 12:01:44	1	1	1	0
 5917	2019-02-14 12:01:54	1	1	1	0
  216	2019-02-14 12:02:20	1	1	1	0
 5116	2019-02-14 12:02:40	1	1	1	0
10432	2019-02-14 12:04:32	1	1	1	0
    7	2019-02-14 12:13:47	1	1	1	0
  216	2019-02-14 12:15:43	1	0	1	0
12817	2019-02-14 12:18:04	1	0	1	0
10432	2019-02-14 12:18:44	1	0	1	0
 6517	2019-02-14 12:19:41	1	0	1	0
 9018	2019-02-14 12:19:46	1	0	1	0
 9218	2019-02-14 12:19:48	1	0	1	0
 7518	2019-02-14 12:19:59	1	1	1	0
   80	2019-02-14 12:20:18	1	1	1	0
 6117	2019-02-14 12:21:05	1	0	1	0
 8218	2019-02-14 12:26:54	1	1	1	0
 5917	2019-02-14 12:33:38	1	0	1	0
   80	2019-02-14 12:40:17	1	0	1	0
 7518	2019-02-14 12:40:19	1	0	1	0
 5116	2019-02-14 12:40:58	1	0	1	0
 8218	2019-02-14 12:44:49	1	0	1	0
  316	2019-02-14 12:45:36	1	1	1	0
    7	2019-02-14 12:49:23	1	0	1	0
  416	2019-02-14 12:52:34	1	0	1	0
  316	2019-02-14 12:56:28	1	0	1	0
  416	2019-02-14 17:00:39	1	1	1	0
 9018	2019-02-14 17:00:50	1	1	1	0
 9218	2019-02-14 17:00:56	1	1	1	0
 6517	2019-02-14 17:01:20	1	1	1	0
 6117	2019-02-14 17:01:36	1	1	1	0
  216	2019-02-14 17:01:38	1	1	1	0
   80	2019-02-14 17:02:03	1	1	1	0
 7518	2019-02-14 17:02:05	1	1	1	0
 5917	2019-02-14 17:02:11	1	1	1	0
12817	2019-02-14 17:04:13	1	1	1	0
 8218	2019-02-14 17:04:20	1	1	1	0
  616	2019-02-14 17:04:53	1	1	1	0
    1	2019-02-14 17:07:25	1	1	1	0
10432	2019-02-14 17:07:57	1	1	1	0
    7	2019-02-14 17:34:28	1	1	1	0
79171	2019-02-14 17:45:22	1	1	1	0
  216	2019-02-15 05:35:48	1	0	1	0
    7	2019-02-15 06:53:33	1	0	1	0
   80	2019-02-15 07:07:15	1	0	1	0
 4030	2019-02-15 07:07:39	1	0	1	0
 7518	2019-02-15 07:13:35	1	0	1	0
  616	2019-02-15 07:20:58	1	0	1	0
    2	2019-02-15 07:21:10	1	0	1	0
36173	2019-02-15 07:22:30	1	0	1	0
 1216	2019-02-15 07:23:42	1	0	1	0
 8218	2019-02-15 07:23:47	1	0	1	0
 1916	2019-02-15 07:24:01	1	0	1	0
17252	2019-02-15 07:25:27	1	0	1	0
19176	2019-02-15 07:25:53	1	0	1	0
 7513	2019-02-15 07:27:19	1	0	1	0
    1	2019-02-15 07:27:56	1	0	1	0
 1016	2019-02-15 07:30:20	1	0	1	0
 9218	2019-02-15 07:34:31	1	0	1	0
 2216	2019-02-15 07:37:57	1	0	1	0
20063	2019-02-15 07:38:24	1	0	1	0
10432	2019-02-15 07:38:53	1	0	1	0
 1316	2019-02-15 07:40:09	1	0	1	0
12817	2019-02-15 07:41:32	1	0	1	0
79169	2019-02-15 07:41:46	1	0	1	0
13022	2019-02-15 07:42:52	1	0	1	0
  316	2019-02-15 07:42:57	1	0	1	0
 1716	2019-02-15 07:43:57	1	0	1	0
96114	2019-02-15 07:47:36	1	0	1	0
 5116	2019-02-15 07:50:05	1	0	1	0
  416	2019-02-15 07:51:10	1	0	1	0
 6117	2019-02-15 07:51:47	1	0	1	0
 5917	2019-02-15 07:52:24	1	0	1	0
  816	2019-02-15 07:58:56	1	0	1	0
 5817	2019-02-15 07:59:18	1	0	1	0
 1616	2019-02-15 08:00:37	1	0	1	0
 6517	2019-02-15 08:02:42	1	0	1	0
10316	2019-02-15 08:03:20	1	0	1	0
17253	2019-02-15 08:05:16	1	0	1	0
 6317	2019-02-15 08:05:55	1	0	1	0
79171	2019-02-15 08:51:33	1	0	1	0
19176	2019-02-15 12:00:09	1	1	1	0
 5917	2019-02-15 12:00:18	1	1	1	0
79169	2019-02-15 12:00:26	1	1	1	0
  216	2019-02-15 12:00:28	1	1	1	0
12817	2019-02-15 12:00:36	1	1	1	0
10316	2019-02-15 12:01:00	1	1	1	0
10432	2019-02-15 12:01:09	1	1	1	0
    1	2019-02-15 12:01:25	1	1	1	0
  416	2019-02-15 12:02:17	1	1	1	0
20063	2019-02-15 12:03:28	1	1	1	0
  316	2019-02-15 12:04:16	1	1	1	0
 1716	2019-02-15 12:04:22	1	1	1	0
 5817	2019-02-15 12:04:59	1	1	1	0
 7513	2019-02-15 12:07:23	1	1	1	0
96114	2019-02-15 12:07:58	1	1	1	0
17253	2019-02-15 12:08:05	1	1	1	0
17252	2019-02-15 12:08:13	1	1	1	0
79169	2019-02-15 12:12:07	1	0	1	0
 6317	2019-02-15 12:12:16	1	1	1	0
  216	2019-02-15 12:12:36	1	0	1	0
12817	2019-02-15 12:12:48	1	0	1	0
 9218	2019-02-15 12:14:08	1	1	1	0
 6517	2019-02-15 12:14:17	1	1	1	0
  316	2019-02-15 12:14:23	1	0	1	0
   80	2019-02-15 12:14:40	1	1	1	0
 7518	2019-02-15 12:14:41	1	1	1	0
 6117	2019-02-15 12:14:54	1	1	1	0
 5817	2019-02-15 12:14:59	1	1	1	0
 1716	2019-02-15 12:15:07	1	0	1	0
    1	2019-02-15 12:16:33	1	0	1	0
13022	2019-02-15 12:18:03	1	1	1	0
 7513	2019-02-15 12:20:02	1	1	1	0
17253	2019-02-15 12:20:30	1	0	1	0
96114	2019-02-15 12:20:58	1	0	1	0
20063	2019-02-15 12:21:43	1	0	1	0
 6317	2019-02-15 12:22:42	1	0	1	0
17252	2019-02-15 12:24:34	1	0	1	0
13022	2019-02-15 12:34:47	1	0	1	0
 7518	2019-02-15 12:39:10	1	0	1	0
   80	2019-02-15 12:39:15	1	0	1	0
19176	2019-02-15 12:39:36	1	0	1	0
10316	2019-02-15 12:40:24	1	0	1	0
 6117	2019-02-15 12:44:15	1	0	1	0
 5917	2019-02-15 12:52:43	1	0	1	0
  416	2019-02-15 12:56:59	1	0	1	0
  616	2019-02-15 16:02:31	1	1	1	0
  316	2019-02-15 17:00:54	1	1	1	0
 5917	2019-02-15 17:01:03	1	1	1	0
  216	2019-02-15 17:01:49	1	1	1	0
13022	2019-02-15 17:02:43	1	1	1	0
  416	2019-02-15 17:02:58	1	1	1	0
 9218	2019-02-15 17:03:30	1	1	1	0
96114	2019-02-15 17:03:48	1	1	1	0
 6317	2019-02-15 17:04:27	1	1	1	0
 1716	2019-02-15 17:04:32	1	1	1	0
 6517	2019-02-15 17:06:18	1	1	1	0
 5817	2019-02-15 17:06:25	1	1	1	0
79169	2019-02-15 17:06:37	1	1	1	0
19176	2019-02-15 17:07:23	1	1	1	0
 6117	2019-02-15 17:07:50	1	1	1	0
    1	2019-02-15 17:08:49	1	1	1	0
 7513	2019-02-15 17:09:37	1	1	1	0
10316	2019-02-15 17:10:19	1	1	1	0
   80	2019-02-15 17:19:28	1	1	1	0
 7518	2019-02-15 17:19:30	1	1	1	0
17252	2019-02-15 17:30:30	1	1	1	0
17253	2019-02-15 17:40:32	1	1	1	0
20063	2019-02-15 17:56:34	1	1	1	0
79171	2019-02-15 18:08:11	1	1	1	0
79171	2019-02-17 18:09:33	1	1	1	0
  216	2019-02-18 05:44:40	1	0	1	0
    1	2019-02-18 06:22:21	1	0	1	0
 7518	2019-02-18 06:54:52	1	0	1	0
12817	2019-02-18 07:01:33	1	0	1	0
   80	2019-02-18 07:05:18	1	0	1	0
36173	2019-02-18 07:07:08	1	0	1	0
 1216	2019-02-18 07:13:06	1	0	1	0
 1916	2019-02-18 07:13:13	1	0	1	0
17252	2019-02-18 07:14:45	1	0	1	0
10432	2019-02-18 07:19:31	1	0	1	0
 4030	2019-02-18 07:23:28	1	0	1	0
 6517	2019-02-18 07:25:15	1	0	1	0
    2	2019-02-18 07:25:20	1	0	1	0
  616	2019-02-18 07:25:56	1	0	1	0
 1016	2019-02-18 07:26:00	1	0	1	0
96114	2019-02-18 07:26:11	1	0	1	0
  316	2019-02-18 07:27:32	1	0	1	0
13022	2019-02-18 07:27:45	1	0	1	0
36179	2019-02-18 07:28:51	1	0	1	0
 8218	2019-02-18 07:30:10	1	0	1	0
 7513	2019-02-18 07:32:02	1	0	1	0
17253	2019-02-18 07:32:21	1	0	1	0
96113	2019-02-18 07:32:45	1	0	1	0
 2416	2019-02-18 07:33:14	1	0	1	0
 5817	2019-02-18 07:34:54	1	0	1	0
 1616	2019-02-18 07:36:02	1	0	1	0
96115	2019-02-18 07:36:30	1	0	1	0
79169	2019-02-18 07:36:45	1	0	1	0
79174	2019-02-18 07:37:02	1	0	1	0
 1416	2019-02-18 07:37:39	1	0	1	0
19176	2019-02-18 07:37:56	1	0	1	0
 9218	2019-02-18 07:37:59	1	0	1	0
 2116	2019-02-18 07:40:06	1	0	1	0
 6317	2019-02-18 07:41:17	1	0	1	0
19261	2019-02-18 07:46:29	1	0	1	0
 5917	2019-02-18 07:47:04	1	0	1	0
 1316	2019-02-18 07:47:43	1	0	1	0
  416	2019-02-18 07:49:51	1	0	1	0
 5717	2019-02-18 07:51:02	1	0	1	0
 9018	2019-02-18 07:51:07	1	0	1	0
 2616	2019-02-18 07:51:21	1	0	1	0
79170	2019-02-18 07:52:30	1	0	1	0
 1716	2019-02-18 07:52:46	1	0	1	0
 2736	2019-02-18 07:53:23	1	0	1	0
 2216	2019-02-18 07:54:30	1	0	1	0
20063	2019-02-18 07:54:53	1	0	1	0
  716	2019-02-18 07:55:37	1	0	1	0
 6117	2019-02-18 07:56:00	1	0	1	0
 6217	2019-02-18 07:57:56	1	0	1	0
 1116	2019-02-18 07:58:54	1	0	1	0
10316	2019-02-18 08:02:56	1	0	1	0
36177	2019-02-18 08:09:40	1	0	1	0
    7	2019-02-18 08:14:05	1	0	1	0
79171	2019-02-18 08:42:19	1	0	1	0
36171	2019-02-18 09:07:57	1	0	1	0
17718	2019-02-18 09:11:49	1	0	1	0
  216	2019-02-18 12:00:01	1	1	1	0
 5917	2019-02-18 12:00:10	1	1	1	0
12817	2019-02-18 12:00:15	1	1	1	0
19176	2019-02-18 12:00:26	1	1	1	0
13022	2019-02-18 12:00:35	1	1	1	0
 6517	2019-02-18 12:00:40	1	1	1	0
36179	2019-02-18 12:00:53	1	1	1	0
  416	2019-02-18 12:00:59	1	1	1	0
 9018	2019-02-18 12:01:15	1	1	1	0
10316	2019-02-18 12:01:25	1	1	1	0
36171	2019-02-18 12:01:30	1	1	1	0
 9218	2019-02-18 12:02:11	1	1	1	0
 5717	2019-02-18 12:02:54	1	1	1	0
17718	2019-02-18 12:03:34	1	1	1	0
    1	2019-02-18 12:03:43	1	1	1	0
    7	2019-02-18 12:04:25	1	1	1	0
 4030	2019-02-18 12:04:40	1	1	1	0
 6317	2019-02-18 12:06:38	1	1	1	0
  316	2019-02-18 12:06:44	1	1	1	0
 1716	2019-02-18 12:06:49	1	1	1	0
 5817	2019-02-18 12:06:51	1	1	1	0
79169	2019-02-18 12:07:46	1	1	1	0
10432	2019-02-18 12:07:53	1	1	1	0
96114	2019-02-18 12:08:44	1	1	1	0
 7513	2019-02-18 12:10:42	1	1	1	0
 1116	2019-02-18 12:11:06	1	1	1	0
 6217	2019-02-18 12:11:14	1	1	1	0
 8218	2019-02-18 12:11:31	1	1	1	0
 6117	2019-02-18 12:11:40	1	1	1	0
 2616	2019-02-18 12:12:04	1	1	1	0
19176	2019-02-18 12:12:28	1	0	1	0
12817	2019-02-18 12:14:22	1	0	1	0
10316	2019-02-18 12:14:35	1	0	1	0
  216	2019-02-18 12:15:25	1	0	1	0
 4030	2019-02-18 12:16:33	1	0	1	0
 5717	2019-02-18 12:17:21	1	0	1	0
    1	2019-02-18 12:17:48	1	0	1	0
79169	2019-02-18 12:20:39	1	0	1	0
 7518	2019-02-18 12:21:12	1	1	1	0
   80	2019-02-18 12:21:17	1	1	1	0
13022	2019-02-18 12:21:36	1	0	1	0
96114	2019-02-18 12:21:38	1	0	1	0
 1716	2019-02-18 12:21:59	1	0	1	0
  316	2019-02-18 12:22:15	1	0	1	0
 2616	2019-02-18 12:23:00	1	0	1	0
10432	2019-02-18 12:23:07	1	0	1	0
  716	2019-02-18 12:23:53	1	1	1	0
 7513	2019-02-18 12:24:02	1	0	1	0
17253	2019-02-18 12:25:18	1	1	1	0
17252	2019-02-18 12:25:29	1	1	1	0
 6217	2019-02-18 12:26:38	1	0	1	0
 9018	2019-02-18 12:29:24	1	0	1	0
 9218	2019-02-18 12:29:32	1	0	1	0
 6517	2019-02-18 12:29:37	1	0	1	0
 6117	2019-02-18 12:30:21	1	0	1	0
 6317	2019-02-18 12:30:26	1	0	1	0
79170	2019-02-18 12:32:42	1	1	1	0
    2	2019-02-18 12:32:47	1	1	1	0
 1316	2019-02-18 12:32:53	1	1	1	0
 1416	2019-02-18 12:32:58	1	1	1	0
 2116	2019-02-18 12:33:03	1	1	1	0
 1916	2019-02-18 12:33:09	1	1	1	0
 5817	2019-02-18 12:34:34	1	0	1	0
 8218	2019-02-18 12:34:48	1	0	1	0
17252	2019-02-18 12:38:05	1	0	1	0
17253	2019-02-18 12:38:18	1	0	1	0
   80	2019-02-18 12:45:28	1	0	1	0
 7518	2019-02-18 12:45:33	1	0	1	0
79170	2019-02-18 12:45:47	1	0	1	0
 1416	2019-02-18 12:45:52	1	0	1	0
    2	2019-02-18 12:45:58	1	0	1	0
 1316	2019-02-18 12:46:13	1	0	1	0
 2116	2019-02-18 12:46:26	1	0	1	0
 1916	2019-02-18 12:46:33	1	0	1	0
  716	2019-02-18 12:46:58	1	0	1	0
  416	2019-02-18 12:54:35	1	0	1	0
 5917	2019-02-18 12:55:57	1	0	1	0
    7	2019-02-18 12:56:13	1	0	1	0
 2736	2019-02-18 13:00:14	1	0	1	0
36177	2019-02-18 13:00:46	1	0	1	0
